-0.000201473012566566,0.000643767416477203,-6.22272491455078E-05,0.16, 359.90, 359.99
-0.000605846289545298,0.00133848935365677,-0.000313460826873779,0.32, 359.95, 359.87
-0.000790775753557682,0.00159361213445663,-0.000518977642059326,0.39, 359.97, 359.82
-0.00165936583653092,0.00295292586088181,-0.00196287035942078,0.75, 0.04, 359.60
-0.00199843058362603,0.00339674949645996,-0.0025765597820282,0.87, 0.07, 359.52
-0.00330553343519568,0.00500737503170967,-0.00521932542324066,1.33, 0.11, 359.16
-0.00486758165061474,0.00587248429656029,-0.00802299380302429,1.62, 0.13, 358.79
-0.00542321056127548,0.00613436475396156,-0.00903598964214325,1.71, 0.13, 358.67
-0.00823148433119059,0.00735685601830482,-0.0137624889612198,2.07, 0.14, 358.05
-0.0106524471193552,0.00875046849250793,-0.0173820108175278,2.36, 0.12, 357.44
-0.011584434658289,0.00923408567905426,-0.0188062340021133,2.47, 0.11, 357.22
-0.0151182971894741,0.0120261423289776,-0.0240560621023178,2.92, 359.95, 356.19
-0.0160019304603338,0.0127352215349674,-0.0253099650144577,3.03, 359.91, 355.92
-0.0196607187390327,0.0158362984657288,-0.0300453901290894,3.42, 359.73, 354.83
-0.0205340217798948,0.0165625214576721,-0.0311405211687088,3.50, 359.69, 354.58
-0.0240252390503883,0.0199034586548805,-0.0356408432126045,3.85, 359.49, 353.51
-0.0248927287757397,0.0207916125655174,-0.0367663502693176,3.95, 359.44, 353.23
-0.0271449200809002,0.0238553062081337,-0.0401301980018616,4.25, 359.26, 352.46
-0.0287782326340675,0.0264781154692173,-0.0426692739129066,4.47, 359.12, 351.87
-0.0292431227862835,0.027286920696497,-0.0434360727667809,4.53, 359.08, 351.69
-0.0312336012721062,0.0307432673871517,-0.0475112050771713,4.74, 358.86, 351.02
-0.0328195840120316,0.033123392611742,-0.0510113835334778,4.84, 358.71, 350.55
-0.0334037765860558,0.0339365862309933,-0.052360326051712,4.86, 358.65, 350.38
-0.0364902466535568,0.0356248281896114,-0.0605024918913841,4.78, 358.45, 349.87
-0.0373362526297569,0.0359576046466827,-0.0627566874027252,4.76, 358.40, 349.74
-0.0406509190797806,0.0364846736192703,-0.0712215676903725,4.67, 358.25, 349.25
-0.0415151454508305,0.0366266742348671,-0.073369562625885,4.64, 358.22, 349.12
-0.044747669249773,0.0374078303575516,-0.0818049237132072,4.62, 358.03, 348.50
-0.045469056814909,0.0376136675477028,-0.0837371349334717,4.62, 357.98, 348.36
-0.0484176725149155,0.0393485650420189,-0.0914696231484413,4.68, 357.73, 347.57
-0.049126211553812,0.0397591814398766,-0.0933337807655334,4.69, 357.67, 347.38
-0.0517367571592331,0.0418559052050114,-0.100815556943417,4.81, 357.44, 346.66
-0.0523682273924351,0.042367659509182,-0.102623045444489,4.84, 357.40, 346.50
-0.0543606877326965,0.0439152270555496,-0.109296381473541,4.93, 357.45, 346.38
-0.0548117309808731,0.0442562289535999,-0.110802605748177,4.95, 357.46, 346.35
-0.0571502149105072,0.0456215888261795,-0.117185957729816,5.07, 357.69, 346.42
-0.0590197890996933,0.0466048084199429,-0.122039005160332,5.17, 357.93, 346.62
-0.0596688650548458,0.0469548776745796,-0.123819947242737,5.20, 358.02, 346.71
-0.0622255578637123,0.0480117425322533,-0.130786925554276,5.21, 358.47, 347.31
-0.0628066062927246,0.0482535511255264,-0.132391706109047,5.22, 358.57, 347.45
-0.0653379559516907,0.0490437932312489,-0.139382615685463,5.16, 359.12, 348.24
-0.0658507570624352,0.0492079481482506,-0.140797704458237,5.15, 359.24, 348.40
-0.0679777413606644,0.0503861904144287,-0.147944957017899,5.22, 359.83, 349.37
-0.0684437602758408,0.0506653189659119,-0.149515673518181,5.23, 359.97, 349.59
-0.0699526965618134,0.0525206290185452,-0.156185790896416,5.39, 0.66, 350.75
-0.0702411159873009,0.0529739856719971,-0.157634168863297,5.43, 0.82, 351.02
-0.0713424682617188,0.0552969947457314,-0.163908943533897,5.66, 1.54, 352.28
-0.0715165957808495,0.0558357611298561,-0.165202274918556,5.72, 1.69, 352.55
-0.0720404237508774,0.0583908036351204,-0.170482605695724,5.96, 2.41, 353.84
-0.0721276104450226,0.0589615553617477,-0.171600058674812,6.01, 2.58, 354.13
-0.0722829848527908,0.0612592734396458,-0.175761625170708,6.20, 3.25, 355.30
-0.0723025277256966,0.0618222206830978,-0.176756948232651,6.24, 3.41, 355.60
-0.0723630785942078,0.0641051232814789,-0.180666357278824,6.45, 4.03, 356.75
-0.0723893418908119,0.0646607428789139,-0.181565716862679,6.51, 4.18, 357.00
-0.071569986641407,0.0673402100801468,-0.183535322546959,6.68, 4.77, 358.07
-0.0719997212290764,0.0678139850497246,-0.184250265359879,6.88, 4.79, 357.97
-0.0721723884344101,0.0679764077067375,-0.184604734182358,6.97, 4.79, 357.93
-0.0740601643919945,0.0678264796733856,-0.188484624028206,7.41, 4.87, 357.85
-0.0748692601919174,0.067544512450695,-0.18987363576889,7.52, 4.91, 357.83
-0.080977700650692,0.0646750330924988,-0.195581987500191,7.71, 5.46, 358.08
-0.0827370434999466,0.0639189556241035,-0.197152853012085,7.76, 5.61, 358.16
-0.0918361023068428,0.0618666037917137,-0.204727455973625,8.20, 6.28, 358.51
-0.0940276831388474,0.0615228824317455,-0.206411749124527,8.32, 6.44, 358.60
-0.102772496640682,0.0629202872514725,-0.210875302553177,8.95, 7.01, 358.79
-0.104921191930771,0.0635394379496574,-0.212022885680199,9.16, 7.13, 358.83
-0.112711891531944,0.0674251541495323,-0.215338677167892,10.06, 7.47, 358.78
-0.114622958004475,0.0685419365763664,-0.216205328702927,10.32, 7.53, 358.76
-0.121469601988792,0.0736671984195709,-0.220095053315163,11.40, 7.52, 358.69
-0.12322461605072,0.0749363228678703,-0.221092373132706,11.67, 7.52, 358.68
-0.129213452339172,0.0790828764438629,-0.224857792258263,12.51, 7.54, 358.60
-0.133776783943176,0.0824046656489372,-0.227770030498505,13.17, 7.55, 358.53
-0.135734215378761,0.0838719308376312,-0.229050844907761,13.46, 7.54, 358.50
-0.142236888408661,0.0898512527346611,-0.233672946691513,14.44, 7.32, 358.27
-0.143683731555939,0.0911761596798897,-0.234713643789291,14.66, 7.27, 358.22
-0.149716854095459,0.0978974103927612,-0.239317566156387,15.65, 6.90, 357.77
-0.151212826371193,0.0996948853135109,-0.24045318365097,15.91, 6.80, 357.63
-0.156548663973808,0.107578054070473,-0.244287833571434,16.87, 6.43, 356.84
-0.157855436205864,0.109648659825325,-0.245242357254028,17.12, 6.32, 356.63
-0.162416756153107,0.118078649044037,-0.248944118618965,18.06, 5.88, 355.79
-0.163558214902878,0.120446138083935,-0.249898135662079,18.32, 5.75, 355.56
-0.166688233613968,0.128486275672913,-0.252891659736633,19.14, 5.25, 354.79
-0.167539015412331,0.13069723546505,-0.253732204437256,19.37, 5.11, 354.58
-0.170328006148338,0.138915285468102,-0.256515890359879,20.15, 4.61, 353.81
-0.170836955308914,0.140572592616081,-0.257016777992249,20.30, 4.52, 353.66
-0.172662779688835,0.148652702569962,-0.258972704410553,21.05, 4.09, 353.03
-0.173535943031311,0.155049920082092,-0.259904682636261,21.65, 3.73, 352.58
-0.173661127686501,0.157469302415848,-0.259911060333252,21.86, 3.59, 352.41
-0.173078313469887,0.165788739919662,-0.258820384740829,22.66, 3.06, 351.96
-0.17242494225502,0.172561690211296,-0.257197290658951,23.30, 2.68, 351.59
-0.172130480408669,0.174619764089584,-0.256520330905914,23.49, 2.57, 351.48
-0.169878616929054,0.18536376953125,-0.251427173614502,24.42, 2.07, 350.89
-0.16941986978054,0.187426596879959,-0.250399947166443,24.60, 1.97, 350.78
-0.168011888861656,0.195973321795464,-0.247265756130219,25.32, 1.57, 350.31
-0.166930362582207,0.202414393424988,-0.244819179177284,25.85, 1.26, 349.96
-0.166561916470528,0.204511269927025,-0.243987187743187,26.02, 1.16, 349.85
-0.16452345252037,0.214948683977127,-0.239267244935036,26.81, 0.69, 349.30
-0.164126008749008,0.21696412563324,-0.238300323486328,26.96, 0.60, 349.20
-0.162079140543938,0.22538261115551,-0.233374416828156,27.56, 0.23, 348.78
-0.159548088908195,0.22903673350811,-0.227700784802437,27.94, 359.96, 348.63
-0.158323124051094,0.228564441204071,-0.224819406867027,28.05, 359.86, 348.59
-0.154920548200607,0.237480759620667,-0.215910285711288,28.39, 359.64, 348.47
-0.153488323092461,0.236775368452072,-0.211976796388626,28.48, 359.59, 348.44
-0.151154011487961,0.243244037032127,-0.205164238810539,28.72, 359.48, 348.35
-0.149034097790718,0.246276319026947,-0.198813244700432,28.90, 359.40, 348.27
-0.148076951503754,0.246064871549606,-0.195902079343796,28.96, 359.36, 348.24
-0.145989045500755,0.253328770399094,-0.188951894640923,29.26, 359.24, 348.11
-0.144122272729874,0.256079226732254,-0.182481229305267,29.50, 359.17, 348.00
-0.143267393112183,0.255307972431183,-0.179620802402496,29.58, 359.16, 347.96
-0.141436040401459,0.264293730258942,-0.17196923494339,29.97, 359.11, 347.76
-0.140323683619499,0.261352628469467,-0.168318912386894,30.05, 359.10, 347.72
-0.138407707214355,0.268276035785675,-0.161289751529694,30.31, 359.05, 347.57
-0.136576235294342,0.270667046308517,-0.154951274394989,30.50, 359.02, 347.45
-0.135693699121475,0.269640892744064,-0.152088716626167,30.56, 359.01, 347.41
-0.133464142680168,0.27602756023407,-0.145635724067688,30.62, 358.94, 347.35
-0.131497696042061,0.277747243642807,-0.139714866876602,30.61, 358.92, 347.30
-0.130632400512695,0.276862531900406,-0.137167111039162,30.60, 358.91, 347.29
-0.128802224993706,0.282684803009033,-0.131161600351334,30.44, 358.90, 347.20
-0.126902461051941,0.284531772136688,-0.125415176153183,30.32, 358.88, 347.13
-0.12590104341507,0.284177303314209,-0.122458264231682,30.26, 358.87, 347.10
-0.12343767285347,0.290288180112839,-0.115767449140549,30.01, 358.82, 347.04
-0.122272312641144,0.288552045822144,-0.112585939466953,29.94, 358.80, 347.02
-0.119673021137714,0.295041918754578,-0.106122091412544,29.73, 358.77, 346.97
-0.118631102144718,0.292342364788055,-0.103353291749954,29.69, 358.77, 346.96
-0.115616373717785,0.299407780170441,-0.0966188907623291,29.46, 358.72, 346.95
-0.114477999508381,0.296533793210983,-0.093793548643589,29.42, 358.71, 346.95
-0.111979924142361,0.301644861698151,-0.0888281911611557,29.27, 358.68, 347.01
-0.109948590397835,0.302644848823547,-0.0845348313450813,29.22, 358.64, 347.05
-0.107932776212692,0.304673731327057,-0.0803750455379486,29.18, 358.61, 347.09
-0.107087641954422,0.303038358688354,-0.0783998295664787,29.17, 358.60, 347.11
-0.104425869882107,0.309151947498322,-0.0732433199882507,29.17, 358.56, 347.16
-0.103408090770245,0.306183576583862,-0.0707381293177605,29.17, 358.56, 347.16
-0.10056684166193,0.311922252178192,-0.0654600262641907,29.09, 358.44, 347.16
-0.099567711353302,0.309093505144119,-0.0631573274731636,29.08, 358.41, 347.15
-0.0970607250928879,0.3140749335289,-0.0582220777869225,28.75, 358.12, 346.86
-0.0962781310081482,0.311531662940979,-0.0561396107077599,28.65, 358.07, 346.78
-0.0950739309191704,0.314026385545731,-0.0517061874270439,27.33, 357.93, 346.18
-0.0947284400463104,0.313006550073624,-0.0504580140113831,27.04, 357.92, 346.08
-0.0940934494137764,0.313408195972443,-0.0465041473507881,24.38, 358.02, 345.62
-0.0939802974462509,0.313529789447784,-0.0457991436123848,23.89, 358.04, 345.53
-0.0932421609759331,0.311617434024811,-0.0456906035542488,20.49, 358.05, 345.67
-0.0931610465049744,0.311153709888458,-0.0457229465246201,19.80, 358.06, 345.70
-0.0928111970424652,0.306961983442307,-0.0475935935974121,15.42, 357.98, 346.24
-0.0927648022770882,0.306093692779541,-0.048087015748024,14.51, 357.96, 346.35
-0.0925579965114594,0.302598983049393,-0.0493562817573547,10.75, 357.76, 346.82
-0.092512235045433,0.300044476985931,-0.0514964982867241,7.81, 357.46, 347.25
-0.0924196392297745,0.297655463218689,-0.053957037627697,4.97, 357.11, 347.73
-0.0922728329896927,0.296992868185043,-0.054565966129303,4.04, 356.98, 347.90
-0.0905403271317482,0.293400883674622,-0.0598843917250633,358.82, 356.31, 349.13
-0.0902350544929504,0.292725682258606,-0.060975655913353,357.87, 356.17, 349.36
-0.0883986800909042,0.288534283638,-0.0672806948423386,353.70, 355.36, 350.58
-0.0869149267673492,0.284428000450134,-0.071903757750988,350.68, 354.73, 351.29
-0.086214080452919,0.282341778278351,-0.0740965530276299,349.36, 354.47, 351.60
-0.081869088113308,0.272495925426483,-0.0815949216485023,344.99, 353.75, 352.72
-0.0807380750775337,0.270215570926666,-0.0830808579921722,344.08, 353.59, 352.99
-0.0744884684681892,0.258937329053879,-0.0877175182104111,340.66, 352.91, 354.24
-0.0686672255396843,0.248690038919449,-0.0915240198373795,338.22, 352.33, 355.43
-0.0641357451677322,0.236532464623451,-0.095502570271492,336.22, 351.85, 356.17
-0.0623736269772053,0.231823801994324,-0.0969531834125519,335.46, 351.65, 356.45
-0.0554793067276478,0.207594811916351,-0.102716907858849,332.58, 351.34, 357.02
-0.0534037910401821,0.199865460395813,-0.10428161919117,331.72, 351.28, 357.14
-0.047184631228447,0.173282146453857,-0.108381673693657,329.75, 351.38, 357.06
-0.0457587987184525,0.167259156703949,-0.109251096844673,329.31, 351.41, 357.04
-0.0403344333171844,0.141344979405403,-0.113546885550022,327.99, 351.78, 356.66
-0.0360601954162121,0.12171695381403,-0.117402426898479,327.33, 351.91, 356.57
-0.0349441543221474,0.124870046973228,-0.113775357604027,326.61, 351.45, 357.18
-0.0346243306994438,0.125664666295052,-0.112734749913216,326.41, 351.33, 357.34
-0.0331710763275623,0.129074320197105,-0.108091950416565,325.50, 350.96, 357.84
-0.0321190617978573,0.131761193275452,-0.104377545416355,324.74, 350.69, 358.18
-0.0316719561815262,0.133036345243454,-0.102742977440357,324.35, 350.52, 358.39
-0.0311947353184223,0.135843575000763,-0.100020468235016,323.25, 350.04, 359.08
-0.031211968511343,0.13645900785923,-0.0995166748762131,322.94, 349.91, 359.27
-0.0317556858062744,0.137285143136978,-0.0990962237119675,322.04, 349.54, 359.89
-0.0323469713330269,0.137383013963699,-0.099145382642746,321.32, 349.24, 0.40
-0.032553918659687,0.137304365634918,-0.0992200821638107,321.09, 349.15, 0.56
-0.033634215593338,0.135159850120544,-0.100838527083397,320.02, 348.70, 1.43
-0.0341103672981262,0.133561298251152,-0.101912677288055,319.69, 348.53, 1.76
-0.0364464335143566,0.125939905643463,-0.106735944747925,319.18, 348.45, 2.15
-0.0370288044214249,0.123472779989243,-0.108205258846283,319.06, 348.43, 2.27
-0.0387524515390396,0.111086137592793,-0.114790812134743,318.82, 348.44, 2.79
-0.0392846427857876,0.107787445187569,-0.116580128669739,318.78, 348.45, 2.89
-0.0396814830601215,0.0893379524350166,-0.122969977557659,318.80, 348.55, 3.24
-0.0396916791796684,0.0850905403494835,-0.124349907040596,318.82, 348.57, 3.31
-0.0393216945230961,0.0626683607697487,-0.13045845925808,319.04, 349.05, 3.32
-0.0392523556947708,0.0552099384367466,-0.132567226886749,319.12, 349.23, 3.32
-0.0389947034418583,0.0387216098606586,-0.136872962117195,319.30, 349.59, 3.34
-0.0387234799563885,0.0228874795138836,-0.14103801548481,319.62, 349.98, 3.36
-0.0386528857052326,0.0178159140050411,-0.142376586794853,319.72, 350.10, 3.37
-0.0371477268636227,-0.00329465419054031,-0.147526279091835,320.22, 350.55, 3.55
-0.0366834960877895,-0.0087101086974144,-0.148787781596184,320.35, 350.68, 3.58
-0.0331828892230988,-0.0337356552481651,-0.154941037297249,321.09, 351.26, 3.79
-0.0324104689061642,-0.0387961119413376,-0.156227290630341,321.25, 351.38, 3.83
-0.0285291783511639,-0.0581188350915909,-0.161672309041023,321.96, 351.85, 4.05
-0.025723073631525,-0.0720262825489044,-0.166556149721146,322.57, 352.16, 4.30
-0.0247224830091,-0.0770495980978012,-0.168531194329262,322.79, 352.27, 4.41
-0.0212044306099415,-0.094617947936058,-0.176785945892334,323.77, 352.71, 4.80
-0.0187804847955704,-0.107962638139725,-0.183585822582245,324.49, 353.08, 5.08
-0.017924789339304,-0.113870024681091,-0.186812952160835,324.81, 353.25, 5.20
-0.0172885209321976,-0.135388717055321,-0.199633881449699,325.89, 354.02, 5.31
-0.0172724388539791,-0.141311660408974,-0.203148260712624,326.16, 354.25, 5.33
-0.0186441391706467,-0.163825511932373,-0.217345997691154,327.12, 355.06, 5.39
-0.01914949901402,-0.169973403215408,-0.221333295106888,327.37, 355.28, 5.41
-0.0209442917257547,-0.192653402686119,-0.234984219074249,327.88, 356.09, 5.53
-0.0213210918009281,-0.198242798447609,-0.238201200962067,327.96, 356.32, 5.56
-0.0213422421365976,-0.198637917637825,-0.238409444689751,327.99, 356.30, 5.61
-0.02174037322402,-0.199962422251701,-0.239404112100601,328.05, 356.30, 5.63
-0.0219555143266916,-0.200539812445641,-0.239852994680405,328.07, 356.30, 5.63
-0.0240797959268093,-0.205011174082756,-0.243087738752365,328.16, 356.33, 5.63
-0.0259806662797928,-0.209345802664757,-0.246079564094543,328.28, 356.39, 5.61
-0.0269271023571491,-0.211322292685509,-0.247525095939636,328.36, 356.44, 5.58
-0.0300790630280972,-0.218475297093391,-0.251729846000671,328.85, 356.59, 5.43
-0.0307390801608562,-0.220094099640846,-0.252601236104965,328.97, 356.62, 5.40
-0.03356858715415,-0.226303592324257,-0.255971431732178,329.46, 356.78, 5.22
-0.0352966524660587,-0.230687841773033,-0.258383214473724,329.97, 356.88, 5.08
-0.0360085628926754,-0.232626065611839,-0.259514391422272,330.23, 356.92, 5.02
-0.0374054424464703,-0.235991224646568,-0.26247251033783,331.45, 357.06, 4.80
-0.0377786792814732,-0.236735060811043,-0.263285785913467,331.81, 357.11, 4.73
-0.038154598325491,-0.23737733066082,-0.265481114387512,333.04, 357.05, 4.80
-0.0381125546991825,-0.236550197005272,-0.266382485628128,334.12, 357.08, 4.79
-0.0381390638649464,-0.236040398478508,-0.266771078109741,334.59, 357.12, 4.76
-0.0385157950222492,-0.234175518155098,-0.269931644201279,336.57, 357.33, 4.68
-0.0384155474603176,-0.2335354834795,-0.270658910274506,337.09, 357.36, 4.69
-0.0367718711495399,-0.231163844466209,-0.272518694400787,338.68, 357.24, 4.94
-0.0350921265780926,-0.229185238480568,-0.274308204650879,340.00, 357.11, 5.21
-0.0343951284885406,-0.228479370474815,-0.274870872497559,340.47, 357.05, 5.31
-0.0320606082677841,-0.225577428936958,-0.277427673339844,342.22, 356.86, 5.54
-0.0320393554866314,-0.224729433655739,-0.277757674455643,342.52, 356.95, 5.53
-0.0320018716156483,-0.224432542920113,-0.277796804904938,342.62, 356.98, 5.52
-0.0325231291353703,-0.222630962729454,-0.278992176055908,343.51, 357.25, 5.39
-0.032742977142334,-0.221930101513863,-0.279280662536621,343.81, 357.35, 5.33
-0.0332307443022728,-0.21708120405674,-0.279335290193558,345.30, 357.79, 4.91
-0.0332397148013115,-0.21212200820446,-0.278844118118286,346.72, 358.09, 4.62
-0.0330526866018772,-0.209643468260765,-0.27850067615509,347.42, 358.18, 4.53
-0.0321729741990566,-0.199181482195854,-0.27611893415451,350.22, 358.64, 4.15
-0.0317584723234177,-0.195668652653694,-0.275164991617203,351.13, 358.77, 4.03
-0.0296529158949852,-0.183702081441879,-0.271555066108704,354.06, 359.05, 3.77
-0.0289133042097092,-0.179913356900215,-0.270348310470581,354.96, 359.12, 3.70
-0.0262811481952667,-0.169027477502823,-0.266700446605682,357.23, 359.31, 3.54
-0.0237391255795956,-0.159345999360085,-0.263315111398697,359.08, 359.46, 3.41
-0.0225278809666634,-0.154911831021309,-0.261811643838882,359.90, 359.52, 3.35
-0.0185682587325573,-0.14246079325676,-0.257184118032455,1.94, 359.67, 3.22
-0.0148250889033079,-0.131459221243858,-0.252420455217361,3.60, 359.80, 3.11
-0.0129906609654427,-0.126387864351273,-0.250069975852966,4.34, 359.85, 3.07
-0.00520719308406115,-0.107797056436539,-0.239577174186707,6.75, 0.02, 2.92
-0.00273742992430925,-0.102064996957779,-0.236256137490273,7.48, 0.07, 2.88
0.00347291585057974,-0.0881905257701874,-0.227874755859375,9.18, 0.19, 2.78
0.00828731898218393,-0.0767542570829391,-0.221529901027679,10.62, 0.28, 2.70
0.0104500139132142,-0.0715876370668411,-0.218716859817505,11.29, 0.33, 2.67
0.0165540650486946,-0.0567114874720573,-0.211458638310432,13.29, 0.46, 2.56
0.0183322951197624,-0.0523844584822655,-0.209340929985046,13.87, 0.50, 2.53
0.0231926664710045,-0.0390686690807343,-0.203259617090225,15.79, 0.62, 2.44
0.0245065689086914,-0.0352349579334259,-0.201620101928711,16.35, 0.65, 2.41
0.0264849588274956,-0.027374692261219,-0.198574185371399,17.69, 0.74, 2.34
0.0270876809954643,-0.0246731638908386,-0.197545289993286,18.16, 0.77, 2.32
0.0280485190451145,-0.0178549736738205,-0.195076048374176,19.51, 0.85, 2.26
0.0283495150506496,-0.0156675055623055,-0.194303691387177,19.95, 0.88, 2.24
0.0267428793013096,-0.013336643576622,-0.194193869829178,20.24, 1.35, 2.35
0.0302607826888561,-0.0135871022939682,-0.191015839576721,20.19, 1.33, 2.15
0.02745021879673,-0.0133190602064133,-0.191641047596931,20.34, 1.58, 1.91
0.0266668908298016,-0.0132410228252411,-0.191739529371262,20.38, 1.65, 1.85
0.0222730897367001,-0.0124463438987732,-0.191679731011391,20.57, 1.90, 1.35
0.0209797769784927,-0.0120624154806137,-0.191589042544365,20.65, 1.97, 1.19
0.0154505213722587,-0.00947536528110504,-0.190518453717232,21.01, 2.27, 0.44
0.0111919613555074,-0.00727327913045883,-0.189367949962616,21.28, 2.48, 359.85
0.0094665726646781,-0.00606532394886017,-0.188795208930969,21.41, 2.56, 359.57
0.00333561562001705,-0.000703893601894379,-0.186022043228149,21.87, 2.78, 358.49
0.00179396755993366,0.000652424991130829,-0.185366183519363,21.99, 2.83, 358.21
-0.004155816975981,0.00758945196866989,-0.182377487421036,22.53, 2.83, 356.85
-0.00603569904342294,0.0101481974124908,-0.181345000863075,22.73, 2.80, 356.37
-0.0106286564841866,0.0181276127696037,-0.178571909666061,23.35, 2.62, 354.99
-0.0142093393951654,0.0250051729381084,-0.176034808158875,23.82, 2.44, 353.82
-0.0155307753011584,0.0277215912938118,-0.175081759691238,24.00, 2.36, 353.37
-0.019721258431673,0.0373975671827793,-0.171739757061005,24.60, 2.07, 351.87
-0.0208494067192078,0.0402055159211159,-0.170806139707565,24.76, 1.97, 351.43
-0.024767130613327,0.0513094700872898,-0.167283892631531,25.32, 1.56, 349.69
-0.0258267037570477,0.0543446093797684,-0.166325852274895,25.46, 1.45, 349.21
-0.0294937081634998,0.0658977553248405,-0.162848144769669,25.99, 1.04, 347.48
-0.0320301651954651,0.0754035040736198,-0.160400465130806,26.46, 0.69, 346.21
-0.0331084728240967,0.0796605199575424,-0.159365624189377,26.66, 0.52, 345.66
-0.035651583224535,0.0910271108150482,-0.15686371922493,27.22, 0.08, 344.25
-0.0373134911060333,0.101125940680504,-0.154749989509583,27.69, 359.65, 343.09
-0.0378906764090061,0.105086125433445,-0.153947114944458,27.86, 359.47, 342.65
-0.0395141616463661,0.116749972105026,-0.151980191469193,28.37, 358.95, 341.37
-0.0408338494598866,0.126540049910545,-0.150794982910156,28.80, 358.49, 340.35
-0.0413212887942791,0.130643919110298,-0.150370463728905,28.98, 358.29, 339.94
-0.0425523743033409,0.144954949617386,-0.14905957877636,29.51, 357.61, 338.60
-0.0428555384278297,0.148789525032043,-0.14879085123539,29.65, 357.42, 338.25
-0.0434303432703018,0.160713732242584,-0.148362532258034,30.09, 356.83, 337.23
-0.0437625832855701,0.170782089233398,-0.148200631141663,30.45, 356.34, 336.38
-0.0438906885683537,0.175501108169556,-0.14814268052578,30.61, 356.11, 335.99
-0.0438432916998863,0.190647453069687,-0.148395121097565,31.09, 355.32, 334.74
-0.0438151024281979,0.19452241063118,-0.148492977023125,31.20, 355.12, 334.42
-0.0440746322274208,0.207940623164177,-0.149701297283173,31.26, 354.40, 333.29
-0.0441443622112274,0.211112096905708,-0.150115892291069,31.23, 354.24, 333.04
-0.0447348989546299,0.219312474131584,-0.151916638016701,30.61, 353.86, 332.37
-0.0453827828168869,0.224677190184593,-0.15375454723835,29.83, 353.63, 331.94
-0.0455633923411369,0.22699847817421,-0.154658317565918,29.44, 353.51, 331.77
-0.0470190644264221,0.233936294913292,-0.158461347222328,28.03, 353.17, 331.19
-0.0475112982094288,0.235853061079979,-0.159523412585258,27.63, 353.09, 331.03
-0.0505772307515144,0.243077918887138,-0.162622481584549,25.93, 352.99, 330.28
-0.0513652339577675,0.244947284460068,-0.163386136293411,25.51, 352.97, 330.08
-0.0536237806081772,0.250873208045959,-0.165373995900154,24.31, 352.92, 329.46
-0.055203553289175,0.255621284246445,-0.165907800197601,23.36, 352.92, 328.96
-0.0558560416102409,0.257792234420776,-0.165987387299538,22.93, 352.93, 328.73
-0.0573656782507896,0.26438045501709,-0.164575040340424,21.51, 353.01, 328.04
-0.0577504113316536,0.266012519598007,-0.164141893386841,21.15, 353.04, 327.86
-0.0588417090475559,0.270797103643417,-0.16258741915226,20.05, 353.13, 327.33
-0.0595803521573544,0.274550318717957,-0.161212101578712,19.18, 353.21, 326.92
-0.0597770512104034,0.274656474590302,-0.16007436811924,18.86, 353.25, 326.76
-0.0604312531650066,0.278702080249786,-0.157510846853256,17.86, 353.38, 326.26
-0.0603698529303074,0.276640236377716,-0.155438423156738,17.61, 353.41, 326.13
-0.0608903281390667,0.280945479869843,-0.152938857674599,16.77, 353.57, 325.72
-0.0606132186949253,0.281638592481613,-0.149657264351845,16.26, 353.71, 325.55
-0.0603334754705429,0.280518442392349,-0.147524356842041,16.08, 353.77, 325.49
-0.0592277199029922,0.286763340234756,-0.142900928854942,15.71, 354.04, 325.46
-0.0586397051811218,0.283839762210846,-0.139871969819069,15.62, 354.10, 325.46
-0.0575013160705566,0.289431869983673,-0.136295169591904,15.46, 354.25, 325.41
-0.0562928579747677,0.291007369756699,-0.132191002368927,15.43, 354.32, 325.30
-0.055619478225708,0.28922426700592,-0.129597410559654,15.43, 354.33, 325.25
-0.0539003908634186,0.297333955764771,-0.126247212290764,15.54, 354.32, 325.06
-0.0530379191040993,0.29225742816925,-0.122639417648315,15.57, 354.31, 325.02
-0.0518401563167572,0.300504356622696,-0.119698107242584,15.68, 354.34, 324.77
-0.0511093139648438,0.295314848423004,-0.116053178906441,15.71, 354.35, 324.72
-0.0499708540737629,0.303234755992889,-0.112821869552135,15.78, 354.40, 324.55
-0.0493071228265762,0.298025786876678,-0.109250992536545,15.79, 354.41, 324.50
-0.0484859086573124,0.306259661912918,-0.106715559959412,15.91, 354.49, 324.36
-0.0480355136096478,0.297952771186829,-0.103531524538994,15.91, 354.49, 324.36
-0.0479816533625126,0.298017621040344,-0.103539071977139,15.96, 354.49, 324.36
-0.0463588424026966,0.299205631017685,-0.102827526628971,16.75, 354.62, 324.45
-0.0458050891757011,0.298793226480484,-0.102336272597313,16.97, 354.65, 324.48
-0.0434670671820641,0.30003422498703,-0.100885316729546,17.80, 354.77, 324.69
-0.0411471128463745,0.300382614135742,-0.0991564244031906,18.47, 354.89, 324.89
-0.0403277575969696,0.300327181816101,-0.0984781309962273,18.69, 354.94, 324.97
-0.0370968580245972,0.301381289958954,-0.0959329083561897,19.66, 355.26, 325.42
-0.034879595041275,0.302041709423065,-0.0935135781764984,20.39, 355.57, 325.74
-0.0339424014091492,0.302236139774323,-0.0923895239830017,20.69, 355.72, 325.89
-0.0303337760269642,0.301726967096329,-0.0879505723714828,21.73, 356.20, 326.76
-0.0294009111821651,0.301499545574188,-0.0868221670389175,21.97, 356.31, 326.98
-0.0263273902237415,0.300432115793228,-0.0831854119896889,22.74, 356.65, 327.81
-0.0238779075443745,0.299388289451599,-0.0802483633160591,23.37, 356.92, 328.51
-0.023052554577589,0.298968195915222,-0.0791023895144463,23.58, 357.04, 328.76
-0.0195820331573486,0.296889901161194,-0.0743357688188553,24.54, 357.55, 329.84
-0.0187945105135441,0.296400368213654,-0.0732359141111374,24.76, 357.67, 330.08
-0.0160270500928164,0.294700145721436,-0.0686365216970444,25.80, 358.30, 331.03
-0.015308815985918,0.294302642345428,-0.0675068125128746,26.04, 358.45, 331.27
-0.011955451220274,0.29298460483551,-0.0628661960363388,27.08, 359.03, 332.23
-0.0110001182183623,0.292604506015778,-0.0615745931863785,27.34, 359.18, 332.49
-0.00750386668369174,0.29117077589035,-0.0569580867886543,28.19, 359.70, 333.44
-0.00673986878246069,0.29084786772728,-0.0558662489056587,28.38, 359.84, 333.66
-0.00428841356188059,0.290112435817719,-0.0519460067152977,29.11, 0.34, 334.36
-0.00247377343475819,0.289749085903168,-0.0488518476486206,29.69, 0.76, 334.89
-0.00169186061248183,0.289612025022507,-0.0475220307707787,29.93, 0.94, 335.11
0.00132749043405056,0.289599657058716,-0.0426130071282387,30.81, 1.56, 335.88
0.00218519847840071,0.289675176143646,-0.0411715134978294,31.07, 1.75, 336.10
0.00428294576704502,0.290549069643021,-0.0372220650315285,31.84, 2.32, 336.65
0.006189682520926,0.291523814201355,-0.0338928997516632,32.53, 2.78, 337.11
0.0071769505739212,0.292031824588776,-0.0323711782693863,32.85, 2.98, 337.33
0.0109870424494147,0.293879985809326,-0.0280768126249313,33.86, 3.38, 338.07
0.0120383789762855,0.294413268566132,-0.0268334746360779,34.14, 3.50, 338.28
0.0159158892929554,0.296509772539139,-0.0218470543622971,35.18, 4.01, 339.07
0.0169552266597748,0.29707258939743,-0.0204841047525406,35.45, 4.16, 339.28
0.02042281255126,0.298808425664902,-0.0162909179925919,36.26, 4.53, 339.94
0.0215560384094715,0.299333930015564,-0.014992743730545,36.50, 4.64, 340.15
0.0253472775220871,0.301255106925964,-0.00987209379673004,37.49, 5.32, 341.06
0.0264634750783443,0.30182272195816,-0.00835476815700531,37.78, 5.52, 341.33
0.0294613540172577,0.303302496671677,-0.00523616373538971,38.51, 5.95, 342.05
0.0320251323282719,0.304539948701859,-0.00257323682308197,39.12, 6.36, 342.70
0.0329133495688438,0.304951757192612,-0.00159545242786407,39.34, 6.54, 342.94
0.0362000018358231,0.306207060813904,0.00187942385673523,40.20, 7.38, 344.02
0.037072941660881,0.306557178497314,0.00274249911308289,40.43, 7.60, 344.31
0.039677307009697,0.307727873325348,0.00477917492389679,41.19, 8.34, 345.27
0.0402412936091423,0.307978481054306,0.00519426167011261,41.36, 8.51, 345.49
0.0425292924046516,0.309796214103699,0.00653193891048431,42.13, 9.11, 346.27
0.0430678650736809,0.310296654701233,0.00689925253391266,42.32, 9.25, 346.44
0.0455983020365238,0.313921213150024,0.00719612836837769,43.28, 9.66, 347.10
0.0462350659072399,0.314846217632294,0.00724008679389954,43.52, 9.77, 347.27
0.0467086061835289,0.316270112991333,0.00715354084968567,43.70, 9.55, 347.10
0.0470896810293198,0.316939473152161,0.00720928609371185,43.76, 9.45, 347.03
0.0493261106312275,0.319812297821045,0.00747328996658325,44.05, 8.92, 346.70
0.0521590039134026,0.32258129119873,0.00807875394821167,44.26, 8.35, 346.37
0.0531741343438625,0.323581337928772,0.00830313563346863,44.34, 8.16, 346.26
0.0570259094238281,0.327687740325928,0.00979448854923248,44.45, 7.31, 345.62
0.0580615475773811,0.328801870346069,0.010263130068779,44.46, 7.11, 345.46
0.061621256172657,0.333279311656952,0.0122197717428207,44.46, 6.44, 344.98
0.0626461803913116,0.33452570438385,0.0128333419561386,44.46, 6.25, 344.85
0.0653872340917587,0.337336480617523,0.0149309933185577,44.42, 5.78, 344.52
0.0672644600272179,0.337007999420166,0.0170158743858337,44.30, 5.40, 344.28
0.0678498074412346,0.335440337657928,0.0181080102920532,44.26, 5.27, 344.20
0.0705006048083305,0.338854670524597,0.0193942934274673,43.95, 4.77, 343.99
0.0707779973745346,0.335596442222595,0.0205836594104767,43.86, 4.66, 343.94
0.0724766999483109,0.338221669197083,0.0206522345542908,43.29, 4.27, 343.84
0.0726718753576279,0.335594117641449,0.0214287340641022,43.13, 4.18, 343.83
0.0743188187479973,0.338151276111603,0.0211809128522873,42.54, 3.87, 343.85
0.074451856315136,0.335529148578644,0.0218494683504105,42.40, 3.81, 343.86
0.0756618976593018,0.338088095188141,0.0213115662336349,41.93, 3.59, 343.92
0.0763563439249992,0.337461531162262,0.0214580446481705,41.58, 3.43, 343.96
0.0765267461538315,0.335674345493317,0.021868497133255,41.43, 3.37, 343.99
0.0782318785786629,0.338971436023712,0.0209697037935257,40.82, 3.17, 344.19
0.0782920867204666,0.335492670536041,0.0216970890760422,40.65, 3.13, 344.24
0.0799425765872002,0.337471425533295,0.0210423767566681,39.68, 2.99, 344.58
0.0801515355706215,0.334909439086914,0.0215907990932465,39.41, 2.97, 344.68
0.0814473330974579,0.33590966463089,0.0211208909749985,38.49, 2.92, 345.03
0.0823620930314064,0.335101902484894,0.0212174504995346,37.64, 2.91, 345.36
0.082668274641037,0.33429741859436,0.0213686376810074,37.31, 2.91, 345.49
0.0837639644742012,0.335073590278625,0.0210303217172623,36.03, 2.92, 345.94
0.0838508233428001,0.333934307098389,0.0212554335594177,35.77, 2.92, 346.03
0.084691658616066,0.334610998630524,0.0210376381874084,34.66, 2.94, 346.42
0.0848516523838043,0.333797514438629,0.021232932806015,34.38, 2.94, 346.52
0.086043544113636,0.334646344184875,0.0211217552423477,33.06, 2.94, 347.00
0.0862606540322304,0.333768725395203,0.021358460187912,32.67, 2.94, 347.14
0.0869353860616684,0.334264278411865,0.0211604833602905,31.55, 2.93, 347.53
0.0869947001338005,0.333565592765808,0.0212852507829666,31.28, 2.93, 347.62
0.0873148515820503,0.333940744400024,0.0211986601352692,30.28, 2.92, 347.92
0.0875018388032913,0.333752393722534,0.0212804079055786,29.48, 2.91, 348.17
0.087581641972065,0.333495736122131,0.0213816463947296,29.11, 2.90, 348.29
0.0882589370012283,0.333553552627563,0.021963968873024,27.81, 2.92, 348.78
0.0884194448590279,0.333460450172424,0.0221367627382278,27.44, 2.93, 348.92
0.0889719128608704,0.333498537540436,0.0228344053030014,26.35, 2.94, 349.34
0.0893817543983459,0.333441555500031,0.0235227197408676,25.42, 2.94, 349.70
0.0895138755440712,0.333414256572723,0.0237956643104553,25.03, 2.93, 349.84
0.0898206830024719,0.333299577236176,0.024491548538208,24.00, 2.91, 350.23
0.0899203792214394,0.333084762096405,0.0251953154802322,23.09, 2.88, 350.56
0.0899367183446884,0.333022058010101,0.0254095941781998,22.80, 2.87, 350.67
0.0897141024470329,0.33272647857666,0.0261505246162415,21.64, 2.82, 351.06
0.0896150469779968,0.332635819911957,0.0263388901948929,21.29, 2.80, 351.18
0.0890565440058708,0.332470893859863,0.0268411338329315,19.89, 2.73, 351.70
0.0888477638363838,0.332469582557678,0.0269054621458054,19.52, 2.72, 351.83
0.0884924381971359,0.332942843437195,0.0268226265907288,18.55, 2.64, 352.25
0.0883934944868088,0.333081364631653,0.0267981439828873,18.27, 2.62, 352.37
0.0877950415015221,0.333957314491272,0.0262414515018463,17.33, 2.51, 352.74
0.0874553322792053,0.334850430488586,0.0250633805990219,16.67, 2.36, 353.06
0.0872844383120537,0.334553360939026,0.0246300101280212,16.43, 2.30, 353.20
0.0855168923735619,0.335429131984711,0.0212166607379913,15.79, 2.00, 353.38
0.0847687646746635,0.333922922611237,0.0207489579916,15.67, 1.91, 353.37
0.0847244039177895,0.333440482616425,0.0208616256713867,15.67, 1.91, 353.37
0.0847066566348076,0.333434462547302,0.0208572745323181,15.67, 1.91, 353.37
0.0842501819133759,0.332215070724487,0.0224072486162186,14.99, 1.72, 353.15
0.0840823128819466,0.330842018127441,0.0242778360843658,14.21, 1.48, 352.88
0.0840126052498817,0.330357193946838,0.0249841511249542,13.91, 1.38, 352.77
0.0837488099932671,0.328754544258118,0.0275448858737946,12.80, 1.01, 352.27
0.0836565122008324,0.328264713287354,0.0283505171537399,12.45, 0.89, 352.12
0.0833269506692886,0.326589405536652,0.0309770405292511,11.26, 0.45, 351.55
0.0831905379891396,0.326052665710449,0.0317617952823639,10.88, 0.30, 351.37
0.081957720220089,0.323219120502472,0.0341101288795471,9.13, 359.60, 350.58
0.081657886505127,0.322449028491974,0.0346225053071976,8.69, 359.42, 350.40
0.080615371465683,0.319708943367004,0.0359999090433121,7.19, 358.85, 349.90
0.0802363455295563,0.318690061569214,0.0363974273204803,6.65, 358.65, 349.73
0.0790748670697212,0.315320730209351,0.0371050089597702,4.97, 358.05, 349.30
0.0787116587162018,0.314336866140366,0.0371758937835693,4.49, 357.89, 349.18
0.0777956023812294,0.311391949653625,0.0371882766485214,3.15, 357.42, 348.85
0.0770753845572472,0.308924913406372,0.0371325463056564,2.05, 357.03, 348.57
0.0767149180173874,0.307728350162506,0.0370302349328995,1.54, 356.85, 348.44
0.075792022049427,0.30436834692955,0.0364648401737213,0.23, 356.40, 348.12
0.07539451867342,0.302864015102386,0.0361646413803101,359.67, 356.21, 347.99
0.0742298737168312,0.298055291175842,0.0347854197025299,358.20, 355.72, 347.72
0.0738370418548584,0.296254992485046,0.034307524561882,357.65, 355.53, 347.63
0.073210097849369,0.292377352714539,0.0333240628242493,356.54, 355.17, 347.51
0.0729921162128448,0.290833652019501,0.0329279750585556,356.11, 355.02, 347.47
0.0722590088844299,0.28600287437439,0.0312497019767761,354.92, 354.63, 347.35
0.071971133351326,0.28414523601532,0.0305490493774414,354.48, 354.49, 347.30
0.0716277062892914,0.279028058052063,0.0284186750650406,353.46, 354.13, 347.18
0.0715982019901276,0.276978433132172,0.0275118798017502,353.08, 353.99, 347.13
0.072690337896347,0.270174920558929,0.0236586332321167,352.25, 353.56, 346.89
0.0730405226349831,0.268117606639862,0.0224897861480713,352.01, 353.43, 346.82
0.0749257877469063,0.262213289737701,0.018195778131485,351.64, 353.08, 346.50
0.076060451567173,0.259628802537918,0.0160479694604874,351.59, 352.94, 346.32
0.0792969539761543,0.253442019224167,0.0104416608810425,351.75, 352.66, 345.92
0.0804516673088074,0.251143962144852,0.00840285420417786,351.83, 352.56, 345.78
0.0836928635835648,0.244045436382294,0.00269272923469543,352.09, 352.33, 345.47
0.084618404507637,0.241770699620247,0.000905990600585938,352.18, 352.26, 345.37
0.0874203369021416,0.232371538877487,-0.00554846227169037,352.47, 352.11, 345.04
0.0885080844163895,0.227633908390999,-0.00850208103656769,352.61, 352.08, 344.91
0.0903478339314461,0.218905538320541,-0.0131309777498245,352.88, 352.07, 344.75
0.091082826256752,0.215157926082611,-0.0151606500148773,353.01, 352.09, 344.70
0.0924333557486534,0.20461417734623,-0.0201372504234314,353.40, 352.17, 344.60
0.093254342675209,0.195159092545509,-0.0241215825080872,353.75, 352.33, 344.49
0.0935224518179893,0.191418796777725,-0.025586798787117,353.88, 352.40, 344.45
0.0942807868123055,0.175434172153473,-0.0306517034769058,354.36, 352.83, 344.34
0.0944793298840523,0.171427339315414,-0.0318417847156525,354.47, 352.93, 344.32
0.0952067077159882,0.159158080816269,-0.0349982976913452,354.79, 353.31, 344.34
0.0954085141420364,0.155309349298477,-0.0360882133245468,354.88, 353.43, 344.35
0.0962781459093094,0.141804784536362,-0.0401454493403435,355.18, 353.82, 344.54
0.0967489331960678,0.136464864015579,-0.0417551621794701,355.33, 353.99, 344.62
0.0979348942637444,0.125105872750282,-0.0451395362615585,355.70, 354.36, 344.91
0.0984964817762375,0.121515177190304,-0.0460374280810356,355.82, 354.48, 345.01
0.10148961097002,0.110450461506844,-0.0482024475932121,356.25, 354.97, 345.45
0.102652929723263,0.107846811413765,-0.0482283607125282,356.37, 355.11, 345.58
0.106488764286041,0.0991658866405487,-0.0481293499469757,356.78, 355.58, 346.00
0.105578646063805,0.0993219912052155,-0.0488628819584846,356.76, 355.62, 345.98
0.103663071990013,0.099027693271637,-0.0507077947258949,356.69, 355.70, 346.14
0.102657705545425,0.0987860560417175,-0.0517033562064171,356.65, 355.74, 346.21
0.0963838174939156,0.096611924469471,-0.0580163449048996,356.43, 355.92, 346.59
0.0945053771138191,0.0958939045667648,-0.060001440346241,356.35, 355.97, 346.72
0.0885871946811676,0.0933057814836502,-0.066550999879837,355.99, 356.08, 347.16
0.0863405838608742,0.092247948050499,-0.0691426992416382,355.85, 356.11, 347.32
0.0785905048251152,0.0879358574748039,-0.0781848654150963,355.12, 356.21, 347.72
0.0764192566275597,0.0865985900163651,-0.0807905718684196,354.89, 356.24, 347.82
0.0696574002504349,0.082278311252594,-0.089086078107357,354.16, 356.30, 348.09
0.0674303993582726,0.0807740017771721,-0.0918707251548767,353.89, 356.31, 348.18
0.0605544373393059,0.0759381800889969,-0.100492238998413,353.05, 356.29, 348.38
0.0579514876008034,0.0740674585103989,-0.103773921728134,352.73, 356.27, 348.46
0.0508301146328449,0.0686156898736954,-0.11299754679203,351.75, 356.23, 348.65
0.046587485820055,0.0651222392916679,-0.118767917156219,351.16, 356.22, 348.77
0.0437225177884102,0.0626738294959068,-0.122733309864998,350.75, 356.22, 348.84
0.0373889319598675,0.0565423518419266,-0.132038429379463,349.80, 356.23, 349.01
0.0345696210861206,0.0537203550338745,-0.136266946792603,349.37, 356.23, 349.10
0.0294044241309166,0.0475384630262852,-0.144917577505112,348.50, 356.26, 349.35
0.027891494333744,0.0455814599990845,-0.147512704133987,348.22, 356.27, 349.43
0.0219392441213131,0.0366400331258774,-0.157959312200546,346.97, 356.28, 349.65
0.0202577374875546,0.0339405126869678,-0.16096656024456,346.60, 356.28, 349.70
0.0157156921923161,0.0245019383728504,-0.170145004987717,345.39, 356.23, 349.84
0.0144356591627002,0.0216290056705475,-0.172806933522224,345.03, 356.21, 349.87
0.0109818084165454,0.0103509686887264,-0.181813389062881,343.64, 356.04, 349.91
0.0101073635742068,0.00710886716842651,-0.184334307909012,343.26, 356.00, 349.90
0.00861428584903479,-0.00264207273721695,-0.19120217859745,342.21, 355.86, 349.84
0.00825552921742201,-0.00570047646760941,-0.193297132849693,341.89, 355.82, 349.82
0.00798517372459173,-0.0157586559653282,-0.200027525424957,340.91, 355.68, 349.83
0.00794675573706627,-0.0187810435891151,-0.202070817351341,340.63, 355.64, 349.83
0.00826406944543123,-0.0278561487793922,-0.208579003810883,339.89, 355.56, 349.81
0.00839806254953146,-0.0311177000403404,-0.211019590497017,339.65, 355.54, 349.80
0.00910180155187845,-0.0395076647400856,-0.218082293868065,339.19, 355.54, 349.84
0.00935309659689665,-0.0420245379209518,-0.220305368304253,339.05, 355.55, 349.86
0.0102176768705249,-0.0505280196666718,-0.229374796152115,338.85, 355.69, 350.01
0.0104825915768743,-0.0533815994858742,-0.23266938328743,338.82, 355.76, 350.09
0.0110950814560056,-0.060172438621521,-0.241710513830185,339.00, 356.00, 350.41
0.0112683745101094,-0.0624144226312637,-0.244930177927017,339.12, 356.11, 350.53
0.0115583902224898,-0.0680277049541473,-0.253678172826767,339.58, 356.53, 351.11
0.0117067648097873,-0.0703082084655762,-0.25746688246727,339.82, 356.71, 351.43
0.011730738915503,-0.0749318152666092,-0.265681535005569,340.50, 357.17, 352.14
0.0116348983719945,-0.0765822976827621,-0.268725872039795,340.79, 357.35, 352.42
0.0114595023915172,-0.0797181725502014,-0.275720506906509,341.73, 357.91, 353.30
0.0114588020369411,-0.0804679542779922,-0.277612447738647,342.01, 358.04, 353.59
0.0125081045553088,-0.0820829272270203,-0.28394803404808,343.26, 358.66, 355.08
0.0129456808790565,-0.0823412835597992,-0.285467863082886,343.61, 358.80, 355.53
0.017485186457634,-0.0793077498674393,-0.288144826889038,345.15, 358.58, 358.18
0.0189420431852341,-0.0782493501901627,-0.289052218198776,345.69, 358.58, 359.05
0.023348044604063,-0.075130969285965,-0.28951820731163,347.01, 358.61, 1.01
0.0247807018458843,-0.0741669684648514,-0.289507776498795,347.42, 358.64, 1.60
0.0300757549703121,-0.0704233944416046,-0.287735760211945,348.69, 358.99, 3.40
0.0316044837236404,-0.0692071616649628,-0.287140399217606,349.07, 359.11, 3.94
0.0370254181325436,-0.0633607655763626,-0.284225642681122,350.50, 359.41, 6.12
0.0385521240532398,-0.0616559684276581,-0.283352434635162,350.89, 359.47, 6.78
0.0448325276374817,-0.05464156717062,-0.279193729162216,352.45, 359.55, 9.39
0.046798512339592,-0.0525107309222221,-0.277827322483063,352.92, 359.60, 10.15
0.0528953894972801,-0.0464949160814285,-0.27284574508667,354.13, 359.93, 11.91
0.0549353584647179,-0.0444865226745605,-0.271162897348404,354.53, 0.06, 12.44
0.0615186765789986,-0.0375033691525459,-0.265354931354523,355.75, 0.53, 13.71
0.063817024230957,-0.0350174233317375,-0.263296127319336,356.18, 0.70, 14.11
0.0701459422707558,-0.0273405611515045,-0.257104128599167,357.44, 1.16, 14.88
0.0722879841923714,-0.0247252583503723,-0.255009055137634,357.86, 1.29, 15.11
0.0780177712440491,-0.0163288712501526,-0.248799949884415,359.14, 1.75, 15.33
0.0799694433808327,-0.0134302079677582,-0.246696725487709,359.59, 1.90, 15.35
0.0849079415202141,-0.00507576763629913,-0.241325736045837,1.06, 2.14, 14.76
0.0865598693490028,-0.00234509259462357,-0.23959156870842,1.55, 2.21, 14.49
0.090844914317131,0.00434158369898796,-0.23516058921814,2.66, 2.24, 13.40
0.0922080427408218,0.00654346495866776,-0.233739525079727,3.02, 2.25, 13.04
0.0957236364483833,0.0131267309188843,-0.229762047529221,3.97, 2.13, 11.52
0.0968302339315414,0.0154158063232899,-0.228471890091896,4.28, 2.09, 10.91
0.0988050550222397,0.0209985598921776,-0.226461216807365,4.95, 1.87, 9.10
0.0995617434382439,0.023188304156065,-0.225734233856201,5.20, 1.76, 8.37
0.101316973567009,0.0291037410497665,-0.224341601133347,5.78, 1.33, 6.26
0.10194393992424,0.0310732051730156,-0.223873227834702,5.96, 1.16, 5.52
0.103671163320541,0.036269623786211,-0.222873777151108,6.32, 0.51, 3.27
0.104227021336555,0.0380194373428822,-0.222560405731201,6.41, 0.27, 2.45
0.105490647256374,0.0429492965340614,-0.221978202462196,6.51, 359.52, 359.93
0.105859540402889,0.0443040877580643,-0.221826866269112,6.51, 359.29, 359.20
0.107256233692169,0.048849493265152,-0.221507459878922,6.34, 358.35, 356.55
0.107692189514637,0.0502743050456047,-0.221396997570992,6.26, 358.05, 355.69
0.10898607224226,0.0541424378752708,-0.221293568611145,6.01, 357.17, 353.32
0.109408475458622,0.0554371625185013,-0.221301347017288,5.90, 356.88, 352.52
0.110717259347439,0.0595749318599701,-0.221483707427979,5.61, 355.94, 350.08
0.111107148230076,0.0609258003532887,-0.221558883786201,5.51, 355.65, 349.32
0.11244859546423,0.0661783143877983,-0.221893772482872,5.38, 354.71, 346.80
0.113079823553562,0.0684965848922729,-0.221998244524002,5.34, 354.30, 345.76
0.114794030785561,0.0744346603751183,-0.221886232495308,5.46, 353.40, 343.71
0.115429691970348,0.0766830742359161,-0.221828803420067,5.50, 353.07, 342.94
0.117428407073021,0.0845901444554329,-0.221054896712303,5.89, 352.14, 340.80
0.118099570274353,0.0872906669974327,-0.220766335725784,6.01, 351.82, 340.08
0.120752409100533,0.0956973880529404,-0.219032287597656,6.60, 351.07, 338.54
0.121545702219009,0.0980774313211441,-0.218491643667221,6.78, 350.88, 338.16
0.125025257468224,0.107115626335144,-0.21591417491436,7.62, 350.44, 337.21
0.126173630356789,0.110046729445457,-0.215096831321716,7.93, 350.33, 336.94
0.129873275756836,0.118319042026997,-0.212170213460922,9.08, 350.37, 336.63
0.131039559841156,0.120779350399971,-0.211216017603874,9.43, 350.39, 336.54
0.135603860020638,0.129134312272072,-0.207065284252167,10.88, 350.67, 337.08
0.137001752853394,0.131780624389648,-0.205756545066833,11.36, 350.78, 337.35
0.141117066144943,0.140160530805588,-0.200822621583939,13.03, 351.47, 338.89
0.142280921339989,0.142628610134125,-0.199332669377327,13.54, 351.70, 339.38
0.146189779043198,0.150609970092773,-0.19409441947937,15.32, 352.61, 341.23
0.147281676530838,0.152896344661713,-0.192601710557938,15.84, 352.88, 341.75
0.15151771903038,0.161549270153046,-0.186987027525902,17.81, 353.82, 343.63
0.152629315853119,0.163774400949478,-0.185530513525009,18.31, 354.07, 344.12
0.156963154673576,0.172081738710403,-0.179854646325111,20.10, 355.02, 346.00
0.158179804682732,0.174411684274673,-0.178309410810471,20.60, 355.28, 346.55
0.162943765521049,0.182869121432304,-0.17281237244606,22.36, 356.12, 348.74
0.164451479911804,0.18545213341713,-0.171156138181686,22.87, 356.39, 349.44
0.168720796704292,0.192582085728645,-0.166922867298126,24.21, 357.17, 351.60
0.170229434967041,0.195045366883278,-0.165510103106499,24.66, 357.44, 352.38
0.174562364816666,0.201725587248802,-0.161944836378098,25.70, 358.19, 354.68
0.176080584526062,0.204065248370171,-0.160721719264984,26.06, 358.46, 355.49
0.180511713027954,0.21076811850071,-0.157415807247162,27.02, 359.08, 357.90
0.181971400976181,0.21301843225956,-0.156326487660408,27.35, 359.29, 358.70
0.185958057641983,0.219438374042511,-0.153415471315384,28.24, 359.88, 0.95
0.187312349677086,0.221687063574791,-0.152510732412338,28.55, 0.10, 1.75
0.19128642976284,0.228050425648689,-0.150898709893227,29.09, 0.92, 4.42
0.192300632596016,0.229641795158386,-0.150593057274818,29.19, 1.14, 5.13
0.194351121783257,0.233218505978584,-0.15080252289772,28.83, 1.76, 6.85
0.194978073239326,0.234198644757271,-0.150852397084236,28.64, 1.91, 7.32
0.196238338947296,0.236167311668396,-0.150527477264404,27.21, 2.24, 8.07
0.196463286876678,0.236828982830048,-0.150420576334,26.67, 2.32, 8.25
0.195932418107986,0.239312693476677,-0.150236234068871,24.50, 2.43, 8.17
0.195521727204323,0.240805432200432,-0.150041162967682,23.36, 2.41, 8.05
0.19491109251976,0.242635503411293,-0.149627387523651,22.03, 2.28, 7.82
0.194607526063919,0.243482246994972,-0.149379745125771,21.43, 2.20, 7.69
0.192842498421669,0.246340855956078,-0.148464173078537,19.31, 1.85, 6.97
0.192301660776138,0.24719962477684,-0.148141890764236,18.66, 1.72, 6.74
0.189953938126564,0.249995216727257,-0.147219374775887,16.32, 1.18, 5.81
0.18933130800724,0.250729888677597,-0.147011831402779,15.73, 1.05, 5.58
0.187256261706352,0.253315448760986,-0.145858570933342,13.47, 0.46, 4.71
0.186522975564003,0.254228949546814,-0.145443141460419,12.66, 0.25, 4.39
0.184954732656479,0.256412148475647,-0.144165754318237,10.34, 359.61, 3.54
0.184498831629753,0.257170498371124,-0.143648371100426,9.48, 359.38, 3.24
0.184276133775711,0.258352309465408,-0.142417788505554,7.17, 358.70, 2.53
0.1843641102314,0.258695483207703,-0.141863971948624,6.26, 358.43, 2.29
0.185026630759239,0.259054660797119,-0.140661999583244,3.92, 357.75, 1.70
0.185464143753052,0.258510887622833,-0.14037698507309,2.99, 357.47, 1.47
0.187209367752075,0.255801498889923,-0.139343798160553,0.59, 356.70, 0.90
0.187813237309456,0.254742860794067,-0.139120668172836,359.84, 356.47, 0.75
0.190380617976189,0.248962059617043,-0.138009011745453,357.00, 355.73, 0.43
0.191233247518539,0.246929049491882,-0.13753567636013,356.10, 355.51, 0.36
0.194048851728439,0.239309787750244,-0.135403588414192,353.49, 354.89, 0.49
0,0,0,0.09, 0.02, 0.10
2.67862342298031E-05,0.000170499086380005,2.57045030593872E-05,0.11, 0.01, 0.08
0.0017287889495492,0.00319568812847137,0.00101998448371887,0.36, 359.60, 359.81
0.00219659321010113,0.00389894098043442,0.00126199424266815,0.42, 359.49, 359.73
0.0047997422516346,0.00847037881612778,0.00315168499946594,0.57, 358.57, 358.98
0.00555966701358557,0.0095851942896843,0.00370748341083527,0.58, 358.32, 358.78
0.00807044934481382,0.013236939907074,0.00556772947311401,0.32, 357.32, 357.86
0.00862502213567495,0.0139502584934235,0.00593209266662598,0.25, 357.10, 357.67
0.0113464603200555,0.0169359594583511,0.0070410817861557,359.67, 356.06, 356.65
0.0120350560173392,0.0176200084388256,0.00726839900016785,359.52, 355.80, 356.40
0.0157364718616009,0.0204211361706257,0.00801049172878265,358.94, 354.86, 355.47
0.0200376100838184,0.0234116911888123,0.00831124186515808,358.60, 353.98, 354.58
0.0210534781217575,0.0241129249334335,0.00833146274089813,358.51, 353.77, 354.37
0.0267891101539135,0.0282329097390175,0.00817288458347321,358.22, 352.73, 353.23
0.0304442197084427,0.0307772047817707,0.00730776786804199,358.10, 352.09, 352.58
0.0348761640489101,0.0343181081116199,0.00570638477802277,357.94, 351.22, 351.57
0.0358835645020008,0.0351951494812965,0.00516235828399658,357.90, 351.02, 351.30
0.0395877361297607,0.0386801064014435,0.00185801088809967,357.49, 350.18, 349.95
0.0403189435601234,0.0394298434257507,0.00104996562004089,357.41, 350.00, 349.65
0.0453710928559303,0.0420700013637543,-0.00211147964000702,357.10, 349.16, 348.83
0.0463697426021099,0.0425854809582233,-0.00276876986026764,357.04, 349.00, 348.66
0.0532516203820705,0.0453139767050743,-0.00627395510673523,357.04, 348.22, 348.41
0.0554728582501411,0.0460598990321159,-0.00730790197849274,357.08, 348.00, 348.41
0.0648714825510979,0.0489804074168205,-0.00982062518596649,357.34, 347.33, 349.05
0.0669373869895935,0.0496157556772232,-0.0103568434715271,357.39, 347.19, 349.19
0.0801077485084534,0.0540398918092251,-0.0115608274936676,357.78, 346.54, 350.27
0.0827719867229462,0.054942924529314,-0.0118857622146606,357.87, 346.41, 350.50
0.0969945639371872,0.0593482553958893,-0.0134008824825287,358.29, 345.82, 351.80
0.105258986353874,0.0619678124785423,-0.0146060734987259,358.59, 345.52, 352.59
0.11688245087862,0.0659112483263016,-0.0170910358428955,359.20, 345.27, 353.94
0.124691650271416,0.068684034049511,-0.0189297795295715,359.67, 345.16, 354.87
0.13470721244812,0.0734808295965195,-0.023111030459404,0.79, 345.18, 356.30
0.141330301761627,0.0769757777452469,-0.0261905938386917,1.62, 345.31, 357.36
0.148721918463707,0.081591323018074,-0.0305841714143753,2.83, 345.75, 359.14
0.152360588312149,0.084567591547966,-0.0346980094909668,3.80, 346.24, 0.35
0.154795467853546,0.0882169902324677,-0.0405117496848106,5.14, 347.12, 1.83
0.155617728829384,0.0916618704795837,-0.0459696277976036,6.45, 348.18, 3.41
0.155977681279182,0.0943628773093224,-0.0495856329798698,7.43, 348.98, 4.71
0.154907137155533,0.097894199192524,-0.0540734902024269,8.76, 350.30, 6.50
0.153075665235519,0.101142197847366,-0.0579148307442665,10.02, 351.73, 8.35
0.151191264390945,0.103233337402344,-0.0605882108211517,10.90, 352.77, 9.66
0.146952643990517,0.105691447854042,-0.0641345009207726,12.10, 354.46, 11.46
0.142109289765358,0.107833482325077,-0.0673360526561737,13.21, 356.19, 13.26
0.136437684297562,0.109403640031815,-0.0703423544764519,14.22, 357.87, 15.02
0.134454473853111,0.109890729188919,-0.0712967813014984,14.54, 358.45, 15.61
0.124944925308228,0.111389517784119,-0.0748993158340454,15.76, 0.91, 18.09
0.119968771934509,0.112093515694141,-0.0765252783894539,16.32, 2.15, 19.30
0.112312510609627,0.112814247608185,-0.0785444378852844,17.00, 3.77, 20.64
0.106437377631664,0.113511398434639,-0.0800937712192535,17.43, 4.74, 21.28
0.100119158625603,0.115844056010246,-0.0826301351189613,17.91, 5.40, 21.71
0.0961166173219681,0.118745744228363,-0.0856301039457321,18.11, 5.49, 21.61
0.0915798619389534,0.124316141009331,-0.0917000994086266,18.12, 5.14, 21.01
0.0870496332645416,0.131404235959053,-0.0993662923574448,17.93, 4.50, 20.01
0.0855366811156273,0.133794531226158,-0.102100968360901,17.86, 4.27, 19.65
0.0798224806785583,0.145888268947601,-0.115048915147781,17.21, 2.97, 17.90
0.0769606754183769,0.152379214763641,-0.121745809912682,16.78, 2.23, 16.96
0.0730322003364563,0.161192312836647,-0.13243106007576,15.78, 0.95, 15.61
0.0719924047589302,0.163502499461174,-0.135281458497047,15.51, 0.63, 15.27
0.067948192358017,0.172999501228333,-0.149079665541649,14.12, 359.19, 13.70
0.0647736191749573,0.18030920624733,-0.160547807812691,12.87, 358.10, 12.36
0.0623186230659485,0.187108069658279,-0.171908751130104,11.53, 357.04, 11.01
0.061573788523674,0.189105331897736,-0.175655916333199,11.12, 356.73, 10.60
0.0595714822411537,0.195257321000099,-0.190279126167297,9.51, 355.51, 8.98
0.0579640120267868,0.199694752693176,-0.20317442715168,8.01, 354.53, 7.53
0.0575602501630783,0.200793445110321,-0.206467911601067,7.63, 354.29, 7.17
0.0569568872451782,0.203619197010994,-0.222542479634285,5.43, 353.06, 5.31
0.0568461045622826,0.204709783196449,-0.232169598340988,4.07, 352.40, 4.20
0.0572259575128555,0.204794198274612,-0.241696447134018,2.52, 351.72, 3.09
0.0580458417534828,0.203320324420929,-0.254318237304688,0.35, 350.93, 1.71
0.0588085353374481,0.201653376221657,-0.263343751430511,358.73, 350.40, 0.69
0.0597564876079559,0.199402317404747,-0.272321730852127,356.96, 349.88, 359.65
0.0618685409426689,0.194575026631355,-0.283225268125534,354.57, 349.25, 358.63
0.0625484436750412,0.192985489964485,-0.286166608333588,353.87, 349.07, 358.37
0.0664736330509186,0.184044614434242,-0.295531868934631,350.71, 348.42, 357.58
0.0691554620862007,0.177399754524231,-0.30083242058754,348.81, 348.04, 357.15
0.0737531036138535,0.165628284215927,-0.307064294815063,346.19, 347.50, 356.61
0.0750125497579575,0.162546470761299,-0.308354914188385,345.52, 347.37, 356.48
0.0829038694500923,0.147267252206802,-0.30945560336113,342.25, 346.69, 356.25
0.0912206098437309,0.13309320807457,-0.308573722839355,339.53, 346.07, 356.44
0.0935274809598923,0.129203081130981,-0.308145582675934,338.79, 345.91, 356.50
0.104151278734207,0.111004307866096,-0.304189115762711,335.78, 345.00, 356.82
0.111674584448338,0.100013442337513,-0.300442218780518,333.98, 344.41, 357.36
0.11957274377346,0.0884414091706276,-0.296257317066193,332.23, 343.80, 357.99
0.129578396677971,0.0727175772190094,-0.289679646492004,330.00, 343.04, 358.79
0.131949841976166,0.0689960047602654,-0.2880939245224,329.47, 342.85, 358.99
0.144147589802742,0.0495958626270294,-0.278634428977966,326.84, 341.86, 0.03
0.151327773928642,0.0370304435491562,-0.275590687990189,326.13, 341.59, 0.35
0.151335209608078,0.0369611233472824,-0.275671422481537,326.12, 341.59, 0.36
0.151855140924454,0.0331185944378376,-0.279719918966293,326.13, 341.54, 0.54
0.151969462633133,0.031944714486599,-0.280814617872238,326.13, 341.54, 0.57
0.152246862649918,0.0235769338905811,-0.288856625556946,326.26, 341.64, 0.67
0.151597768068314,0.0157956816256046,-0.295947015285492,326.42, 341.83, 0.64
0.15069405734539,0.0067923329770565,-0.303871154785156,326.60, 342.07, 0.58
0.149534344673157,-0.0032401829957962,-0.312099277973175,326.81, 342.37, 0.49
0.149095714092255,-0.00718337297439575,-0.315244346857071,326.91, 342.50, 0.45
0.145812839269638,-0.0241497159004211,-0.33131605386734,327.80, 343.35, 359.95
0.145003393292427,-0.0275745987892151,-0.334603875875473,328.00, 343.55, 359.81
0.140061870217323,-0.0435672476887703,-0.351631343364716,329.33, 344.64, 359.02
0.138953685760498,-0.0467792898416519,-0.35515496134758,329.62, 344.89, 358.85
0.133746981620789,-0.0603449791669846,-0.368821203708649,331.04, 345.92, 358.13
0.132525980472565,-0.0634655952453613,-0.371904850006104,331.38, 346.16, 357.94
0.127613499760628,-0.0757127851247787,-0.383518636226654,332.86, 347.13, 357.14
0.124576196074486,-0.0827101469039917,-0.39021223783493,333.77, 347.69, 356.61
0.121176600456238,-0.0895851850509644,-0.39728844165802,334.71, 348.30, 356.03
0.1180190294981,-0.0956019461154938,-0.403153955936432,335.63, 348.85, 355.52
0.113349542021751,-0.103022828698158,-0.411034345626831,336.93, 349.56, 354.87
0.111898027360439,-0.105109095573425,-0.413264274597168,337.30, 349.76, 354.70
0.104372881352901,-0.112696707248688,-0.423075497150421,339.03, 350.72, 354.01
0.102705240249634,-0.114348903298378,-0.425212919712067,339.40, 350.92, 353.88
0.0944737941026688,-0.122680962085724,-0.43379807472229,340.85, 351.81, 353.47
0.0907433927059174,-0.128105461597443,-0.435361564159393,341.26, 352.28, 353.46
0.08807273209095,-0.133098393678665,-0.433394849300385,341.24, 352.55, 353.53
0.0880286693572998,-0.133280336856842,-0.433729827404022,341.26, 352.56, 353.55
0.0868683680891991,-0.136604279279709,-0.439628958702087,341.63, 352.80, 353.65
0.0866044759750366,-0.137409746646881,-0.441014051437378,341.71, 352.86, 353.67
0.0814734622836113,-0.144979104399681,-0.452332735061646,342.31, 353.56, 353.49
0.0772827342152596,-0.150445401668549,-0.459978342056274,342.73, 354.09, 353.27
0.0717802196741104,-0.156251981854439,-0.468002498149872,343.27, 354.73, 352.93
0.0619728565216064,-0.164804488420486,-0.480088353157043,344.14, 355.64, 352.41
0.0595520287752151,-0.166775017976761,-0.482898890972137,344.36, 355.86, 352.29
0.045928455889225,-0.175446331501007,-0.496630966663361,345.77, 356.99, 351.75
0.0381886474788189,-0.179064929485321,-0.502567112445831,346.68, 357.66, 351.48
0.0305329039692879,-0.182214289903641,-0.50860059261322,347.66, 358.25, 351.28
0.0202873274683952,-0.185529783368111,-0.516825377941132,349.18, 359.00, 351.01
0.0177080594003201,-0.186364725232124,-0.518963277339935,349.56, 359.18, 350.96
0.00735913775861263,-0.188929840922356,-0.528630375862122,351.44, 359.92, 350.83
0.00497729610651731,-0.189544960856438,-0.53092235326767,351.87, 0.09, 350.80
-0.0026154606603086,-0.190142497420311,-0.53942197561264,353.77, 0.71, 350.89
-0.00456783547997475,-0.190105453133583,-0.54165518283844,354.31, 0.89, 350.93
-0.00825839396566153,-0.186593547463417,-0.547495722770691,356.45, 1.30, 350.98
-0.00904564745724201,-0.185823455452919,-0.548791170120239,356.91, 1.39, 350.99
-0.00918002612888813,-0.177299574017525,-0.551991999149323,359.53, 1.63, 351.08
-0.0090562142431736,-0.175334244966507,-0.552576661109924,0.09, 1.67, 351.11
-0.00801227521151304,-0.164889588952065,-0.555144488811493,2.73, 1.94, 351.40
-0.00777910277247429,-0.162426084280014,-0.555791139602661,3.34, 2.01, 351.45
-0.00668721413239837,-0.152148857712746,-0.560772657394409,5.85, 2.23, 351.55
-0.00639186846092343,-0.149797230958939,-0.561973333358765,6.41, 2.27, 351.56
-0.00465625058859587,-0.14056770503521,-0.568426430225372,8.44, 2.14, 350.98
-0.0042202640324831,-0.138449713587761,-0.569911956787109,8.87, 2.08, 350.81
-0.00404348783195019,-0.130722358822823,-0.577439367771149,10.41, 1.75, 349.77
-0.00409693457186222,-0.128877505660057,-0.579309344291687,10.76, 1.66, 349.50
-0.005699772387743,-0.121987611055374,-0.587831854820251,11.90, 1.11, 348.16
-0.00754391681402922,-0.117868036031723,-0.59361857175827,12.48, 0.77, 347.25
-0.00969475507736206,-0.115383297204971,-0.596647620201111,13.00, 0.38, 346.27
-0.0121975559741259,-0.114965453743935,-0.596822261810303,13.44, 359.97, 345.32
-0.0148356854915619,-0.113761961460114,-0.596915364265442,13.76, 359.39, 344.13
-0.0174645707011223,-0.112349808216095,-0.59681648015976,14.03, 358.76, 342.84
-0.0198718030005693,-0.111038118600845,-0.596337676048279,14.24, 358.06, 341.48
-0.0219283606857061,-0.109818756580353,-0.596057713031769,14.39, 357.31, 340.17
-0.0241416059434414,-0.108424812555313,-0.596315562725067,14.46, 356.48, 338.80
-0.0263383537530899,-0.107078820466995,-0.596438884735107,14.45, 355.62, 337.44
-0.0282806046307087,-0.106725305318832,-0.596146404743195,14.38, 354.75, 336.08
-0.0301579870283604,-0.105072364211082,-0.596748948097229,14.26, 353.83, 334.68
-0.0313498452305794,-0.103935360908508,-0.596097528934479,14.09, 352.86, 333.38
-0.0317037142813206,-0.102147221565247,-0.59470671415329,13.97, 351.86, 332.06
-0.0304315164685249,-0.0986148864030838,-0.592051923274994,13.95, 350.79, 330.64
-0.0270470418035984,-0.0905131846666336,-0.591017067432404,14.03, 349.35, 328.82
-0.025681346654892,-0.0943644940853119,-0.580471277236938,14.04, 348.95, 328.30
-0.0198947060853243,-0.0789757370948792,-0.586201548576355,14.10, 347.37, 326.27
-0.018306776881218,-0.0845778286457062,-0.573459923267365,14.10, 347.07, 325.90
-0.011021263897419,-0.0687943547964096,-0.581133544445038,14.23, 345.76, 324.37
-0.00904846750199795,-0.0743070840835571,-0.568453311920166,14.26, 345.48, 324.06
-0.00110029149800539,-0.0616258084774017,-0.569957911968231,14.20, 344.81, 323.57
0.000718627125024796,-0.0651311874389648,-0.5606369972229,14.20, 344.67, 323.48
0.0103082777932286,-0.052519865334034,-0.561218619346619,14.46, 344.10, 323.35
0.0122187370434403,-0.0552946627140045,-0.553344666957855,14.53, 343.98, 323.34
0.0229356102645397,-0.0422984734177589,-0.552118360996246,15.11, 343.42, 323.45
0.024985533207655,-0.0443475544452667,-0.544836699962616,15.26, 343.30, 323.49
0.037704274058342,-0.028509646654129,-0.540065050125122,16.03, 342.74, 324.23
0.0400393344461918,-0.029325507581234,-0.533654272556305,16.19, 342.61, 324.42
0.0503838248550892,-0.0133378133177757,-0.534639954566956,17.20, 342.21, 325.78
0.0519398711621761,-0.0168866813182831,-0.525493860244751,17.45, 342.13, 326.09
0.0586974397301674,-0.00357724726200104,-0.528672993183136,18.50, 342.04, 327.49
0.059183269739151,-0.00896747410297394,-0.518859267234802,18.72, 342.04, 327.81
0.0639788433909416,0.00492872297763824,-0.525437355041504,19.86, 342.42, 329.98
0.0639136508107185,-0.00213653594255447,-0.513976514339447,20.10, 342.50, 330.44
0.0664181336760521,0.0104862079024315,-0.520247578620911,21.34, 343.31, 332.77
0.065936379134655,0.00438207015395164,-0.50995534658432,21.69, 343.57, 333.45
0.0668500736355782,0.0141380168497562,-0.51420670747757,22.81, 344.63, 335.92
0.0660947114229202,0.00847999751567841,-0.505244255065918,23.09, 344.93, 336.55
0.0664604306221008,0.0183005258440971,-0.509370505809784,24.13, 346.29, 339.10
0.0656739920377731,0.0131122730672359,-0.500977098941803,24.38, 346.64, 339.76
0.0643047094345093,0.0232910662889481,-0.505934238433838,25.52, 348.28, 342.66
0.0631386935710907,0.0174853131175041,-0.497168481349945,25.76, 348.64, 343.29
0.0608504563570023,0.0286609791219234,-0.500601172447205,26.84, 350.31, 346.20
0.0594431981444359,0.0239628329873085,-0.492406368255615,27.10, 350.74, 346.92
0.0560243874788284,0.0349947363138199,-0.493580996990204,28.03, 352.33, 349.54
0.0546495728194714,0.0310467258095741,-0.485858678817749,28.23, 352.70, 350.15
0.050677914172411,0.0449506044387817,-0.485038220882416,29.01, 354.35, 352.89
0.049167275428772,0.041572317481041,-0.477308690547943,29.17, 354.73, 353.53
0.0446515008807182,0.0560407489538193,-0.475905895233154,29.62, 356.11, 356.08
0.0430723875761032,0.052703183144331,-0.467910170555115,29.71, 356.43, 356.69
0.038178775459528,0.0692308321595192,-0.466037213802338,29.78, 357.56, 358.92
0.0365595370531082,0.0652870386838913,-0.457066237926483,29.79, 357.83, 359.45
0.0317439325153828,0.0831182524561882,-0.453850209712982,29.56, 358.78, 0.95
0.0302335619926453,0.0791630521416664,-0.444331586360931,29.48, 358.99, 1.29
0.0264386385679245,0.0991676449775696,-0.439555585384369,28.71, 359.56, 2.33
0.0252041220664978,0.094512552022934,-0.429429233074188,28.50, 359.68, 2.56
0.0223788060247898,0.113906249403954,-0.424855351448059,27.39, 359.92, 3.24
0.0214617177844048,0.108421787619591,-0.414704978466034,27.13, 359.96, 3.38
0.0178894624114037,0.12755474448204,-0.412256479263306,25.26, -0.01, 3.76
0.0166451968252659,0.121399469673634,-0.402028650045395,24.75, 359.99, 3.85
0.0112625444307923,0.136524230241776,-0.403961718082428,22.45, 359.79, 4.07
0.00960257928818464,0.128782540559769,-0.394400596618652,21.81, 359.73, 4.12
0.00336879584938288,0.141096234321594,-0.397991508245468,19.01, 359.23, 4.00
0.0019643297418952,0.132323771715164,-0.38894921541214,18.42, 359.13, 3.98
-0.00526815745979548,0.146235913038254,-0.394971758127213,15.15, 358.38, 3.72
-0.006830052472651,0.13630872964859,-0.385197520256042,14.42, 358.21, 3.66
-0.0136146247386932,0.149298816919327,-0.390213996171951,11.27, 357.31, 3.37
-0.0147951114922762,0.139683932065964,-0.380593180656433,10.58, 357.11, 3.32
-0.0207827091217041,0.153394371271133,-0.384811669588089,7.37, 356.05, 3.22
-0.0219519287347794,0.14463084936142,-0.375546336174011,6.53, 355.77, 3.20
-0.0266398787498474,0.155402064323425,-0.37721985578537,3.57, 354.80, 3.21
-0.0274854823946953,0.148360729217529,-0.369508653879166,2.80, 354.55, 3.22
-0.0306974910199642,0.156417444348335,-0.369807809591293,0.51, 353.88, 3.21
-0.0333440080285072,0.160327792167664,-0.364831864833832,358.16, 353.20, 3.13
-0.0336512066423893,0.155358046293259,-0.358709692955017,357.58, 353.03, 3.11
-0.0358037613332272,0.167117983102798,-0.356865227222443,355.00, 352.31, 2.95
-0.0359051860868931,0.162591964006424,-0.350016593933105,354.29, 352.12, 2.91
-0.0363424755632877,0.172846674919128,-0.345764338970184,352.05, 351.56, 2.74
-0.0360019877552986,0.168968200683594,-0.339922547340393,351.57, 351.44, 2.71
-0.0346106775105,0.179821744561195,-0.333526909351349,349.66, 350.94, 2.62
-0.0341407470405102,0.176976025104523,-0.328687727451324,349.30, 350.85, 2.60
-0.0331408940255642,0.186943590641022,-0.325270473957062,348.08, 350.72, 2.42
-0.032649289816618,0.183406800031662,-0.320471286773682,347.85, 350.71, 2.37
-0.0307579301297665,0.192483186721802,-0.318163245916367,347.50, 350.79, 2.09
-0.0301052778959274,0.188370645046234,-0.313431799411774,347.43, 350.80, 2.03
-0.0268680825829506,0.197393700480461,-0.311062932014465,347.57, 351.01, 1.58
-0.0258399322628975,0.193833008408546,-0.306458294391632,347.62, 351.06, 1.46
-0.0214599817991257,0.200522765517235,-0.304221451282501,347.90, 351.27, 1.04
-0.0203424654901028,0.19738245010376,-0.300551116466522,347.96, 351.32, 0.95
-0.0144281443208456,0.203012689948082,-0.298273324966431,348.31, 351.41, 0.40
-0.0130157247185707,0.200579673051834,-0.295330345630646,348.39, 351.43, 0.24
-0.00587930250912905,0.203872740268707,-0.293269157409668,348.78, 351.36, 359.22
-0.00443679466843605,0.20261649787426,-0.291602939367294,348.85, 351.35, 359.02
0.00345740001648664,0.204378306865692,-0.290680050849915,349.46, 351.23, 357.80
0.00606284942477942,0.203627586364746,-0.289681851863861,349.66, 351.17, 357.47
0.0112629448994994,0.203840687870979,-0.289355158805847,350.05, 351.00, 356.88
0.0162093490362167,0.20376119017601,-0.288840711116791,350.40, 350.83, 356.35
0.0179850906133652,0.203768327832222,-0.288644880056381,350.53, 350.76, 356.17
0.0251092165708542,0.203689649701118,-0.288142621517181,351.08, 350.50, 355.49
0.0301741808652878,0.203166976571083,-0.288137674331665,351.50, 350.31, 355.07
0.0325131043791771,0.202880084514618,-0.288173377513885,351.69, 350.23, 354.88
0.0380386598408222,0.201264262199402,-0.289259016513824,352.18, 350.10, 354.53
0.0426712296903133,0.199405014514923,-0.290918469429016,352.69, 350.02, 354.27
0.0441571176052094,0.198772996664047,-0.291509211063385,352.85, 349.99, 354.19
0.0492129363119602,0.19604554772377,-0.293798536062241,353.59, 350.01, 354.14
0.0531935133039951,0.193642809987068,-0.295284867286682,354.21, 350.05, 354.23
0.0546881705522537,0.192736715078354,-0.295785158872604,354.45, 350.08, 354.29
0.059476375579834,0.18974532186985,-0.297210097312927,355.38, 350.23, 354.71
0.0624838545918465,0.18733137845993,-0.298540830612183,356.16, 350.45, 355.22
0.0637180507183075,0.186375975608826,-0.298997461795807,356.47, 350.55, 355.42
0.066053569316864,0.182818681001663,-0.300841391086578,357.90, 351.27, 356.48
0.0665171220898628,0.182004258036613,-0.301163554191589,358.23, 351.45, 356.74
0.0664402097463608,0.178753972053528,-0.301609992980957,359.92, 352.56, 358.02
0.0663473382592201,0.178113326430321,-0.301558047533035,0.28, 352.82, 358.28
0.0654032602906227,0.176046162843704,-0.300996601581573,1.50, 353.80, 359.16
0.0641953945159912,0.173887461423874,-0.300201743841171,2.39, 354.68, 359.98
0.063830703496933,0.173211663961411,-0.299875438213348,2.67, 354.97, 0.25
0.0616728439927101,0.170512303709984,-0.298586905002594,3.78, 356.12, 1.25
0.0594236925244331,0.168159797787666,-0.297786772251129,4.57, 357.02, 2.06
0.0585668757557869,0.167337492108345,-0.297463238239288,4.84, 357.34, 2.34
0.0547583736479282,0.16417022049427,-0.29628986120224,5.80, 358.51, 3.40
0.0537702403962612,0.163405150175095,-0.295945405960083,6.04, 358.81, 3.66
0.0488774254918098,0.160243093967438,-0.293797016143799,7.02, 0.07, 4.76
0.0473409779369831,0.159283131361008,-0.292976558208466,7.31, 0.46, 5.08
0.0428975448012352,0.15665990114212,-0.288890540599823,8.09, 1.55, 5.91
0.0392771698534489,0.154583662748337,-0.285069346427917,8.72, 2.44, 6.54
0.0380368046462536,0.153867870569229,-0.283688545227051,8.93, 2.74, 6.74
0.0318376049399376,0.150318130850792,-0.276555508375168,9.87, 4.08, 7.38
0.030489306896925,0.149555832147598,-0.274958342313766,10.08, 4.38, 7.52
0.0256594084203243,0.146502137184143,-0.267932623624802,10.77, 5.42, 8.00
0.0220552682876587,0.144144356250763,-0.262814074754715,11.28, 6.15, 8.33
0.0206253342330456,0.143148630857468,-0.26071485877037,11.47, 6.43, 8.46
0.016115702688694,0.139558508992195,-0.253486812114716,11.98, 7.25, 8.76
0.014537182636559,0.138271689414978,-0.250940561294556,12.15, 7.53, 8.84
0.0092024514451623,0.133690029382706,-0.241452887654305,12.60, 8.29, 8.79
0.00798163097351789,0.132643967866898,-0.239224463701248,12.70, 8.45, 8.77
0.0044134147465229,0.12934285402298,-0.230534791946411,13.04, 8.89, 8.49
0.00193788856267929,0.127066642045975,-0.223917871713638,13.33, 9.15, 8.22
0.0010627955198288,0.126248270273209,-0.221484482288361,13.44, 9.24, 8.11
-0.00240024644881487,0.122696928679943,-0.211140751838684,13.83, 9.42, 7.31
-0.00319227389991283,0.1218381524086,-0.208850562572479,13.91, 9.45, 7.12
-0.00628701224923134,0.118202373385429,-0.201111927628517,14.16, 9.42, 6.27
-0.00717191211879253,0.11707367002964,-0.198827490210533,14.22, 9.39, 6.02
-0.0103169297799468,0.111707553267479,-0.189503058791161,14.32, 9.07, 4.89
-0.0110984724014997,0.110373586416245,-0.187341347336769,14.33, 9.00, 4.62
-0.0142725193873048,0.104862555861473,-0.179768890142441,14.33, 8.70, 3.60
-0.0150897232815623,0.103406876325607,-0.177771121263504,14.32, 8.62, 3.33
-0.0182904582470655,0.0978804975748062,-0.170627266168594,14.29, 8.33, 2.34
-0.0191053338348866,0.0964240804314613,-0.168642967939377,14.28, 8.25, 2.05
-0.022006768733263,0.0910633504390717,-0.161100208759308,14.23, 7.86, 0.94
-0.0227189883589745,0.0897664725780487,-0.159315377473831,14.21, 7.77, 0.67
-0.0260194540023804,0.084462508559227,-0.152641773223877,14.12, 7.37, 359.49
-0.026944562792778,0.0829961895942688,-0.150830015540123,14.09, 7.27, 359.16
-0.0299132280051708,0.0783050656318665,-0.145738050341606,13.98, 6.92, 358.18
-0.0308221131563187,0.0768297389149666,-0.144205585122108,13.93, 6.82, 357.88
-0.0347486697137356,0.0702797174453735,-0.140390738844872,13.44, 6.70, 357.07
-0.0258670337498188,0.0523164756596088,-0.104507371783257,8.99, 4.55, 357.87
-0.0237704068422318,0.0480760112404823,-0.0960366204380989,8.28, 4.20, 358.01
-0.016759742051363,0.0338968373835087,-0.0677123069763184,6.12, 3.14, 358.47
-0.0145295597612858,0.0293862596154213,-0.0587019771337509,5.61, 2.88, 358.58
-0.00788681861013174,0.0159512124955654,-0.0318641364574432,4.23, 2.18, 358.91
-0.0055767297744751,0.0112790204584599,-0.0225309729576111,3.86, 2.00, 358.99
0,0,0,2.91, 1.52, 359.23
